  +0.000   -1.346   -1.346   -1.346   +0.000   +0.000   +0.000   -0.000   +0.000   +0.000   +0.000   +0.000   +0.000   +0.000   +0.000   +0.000   +0.000   +0.000   +0.000   +0.000   +0.000   +0.000   +0.000   +0.000
  +0.000   +0.000   -1.346   -1.346   -1.346   +0.000   +0.000   -0.000   +0.000   +0.000   +0.000   +0.000   +0.000   +0.000   +0.000   +0.000   +0.000   +0.000   +0.000   +0.000   +0.000   +0.000   +0.000   +0.000
  +0.000   +0.000   +0.000   -1.346   -1.346   -1.346   +0.000   +0.000   +0.000   +0.000   +0.000   +0.000   +0.000   +0.000   +0.000   +0.000   +0.000   +0.000   +0.000   +0.000   +0.000   +0.000   +0.000   +0.000
  +0.000   +0.000   +0.000   +0.000   -1.346   -1.346   +0.000   +0.000   +0.000   +0.000   +0.000   +0.000   +0.000   +0.000   +0.000   +0.000   +0.000   +0.000   +0.000   +0.000   +0.000   +0.000   +0.000   +0.000
  +0.000   +0.000   +0.000   +0.000   +0.000   +0.000   +0.000   +0.000   +0.000   +0.000   +0.000   +0.000   +0.000   +0.000   +0.000   +0.000   +0.000   +0.000   +0.000   +0.000   +0.000   +0.000   +0.000   +0.000
  +0.000   +0.000   +0.000   +0.000   +0.000   +0.000   +0.000   +0.000   +0.000   +0.000   +0.000   +0.000   +0.000   +0.000   +0.000   +0.000   +0.000   +0.000   +0.000   +0.000   +0.000   +0.000   +0.000   +0.000
  +0.000   +0.000   +0.000   +0.000   +0.000   +0.000   +0.000   +0.000   +0.000   +0.000   +0.000   +0.000   +0.000   +0.000   +0.000   +0.000   +0.000   +0.000   +0.000   +0.000   +0.000   +0.000   +0.000   +0.000
  +0.000   +0.000   +0.000   +0.000   +0.000   +0.000   -0.000   +0.000   +0.000   +0.000   +0.000   +0.000   +0.000   +0.000   +0.000   +0.000   +0.000   +0.000   +0.000   +0.000   +0.000   +0.000   +0.000   +0.000
  +0.000   +0.000   +0.000   +0.000   +0.000   +0.000   +0.000   +0.000   +0.000   +0.000   +0.000   +0.000   +0.000   +0.000   +0.000   +0.000   +0.000   +0.000   +0.000   +0.000   +0.000   +0.000   +0.000   +0.000
  +0.000   +0.000   +0.000   +0.000   +0.000   +0.000   +0.000   +0.000   +0.000   +0.000   +0.000   +0.000   +0.000   +0.000   +0.000   +0.000   +0.000   +0.000   +0.000   +0.000   +0.000   +0.000   +0.000   +0.000
  +0.000   +0.000   +0.000   +0.000   +0.000   +0.000   +0.000   +0.000   +0.000   +0.000   +0.000   +0.000   +0.000   +0.000   +0.000   +0.000   -0.000   +0.000   +0.000   +0.000   +0.000   +0.000   +0.000   +0.000
  +0.000   +0.000   +0.000   +0.000   +0.000   +0.000   +0.000   +0.000   +0.000   +0.000   +0.000   +0.000   +0.000   +0.000   +0.000   +0.000   +0.000   +0.000   +0.000   +0.000   +0.000   +0.000   +0.000   +0.000
  +0.000   +0.000   +0.000   +0.000   +0.000   +0.000   +0.000   +0.000   +0.000   +0.000   +0.000   +0.000   +0.000   +0.000   +0.000   +0.000   +0.000   +0.000   +0.000   +0.000   +0.000   +0.000   +0.000   +0.000
  +0.000   +0.000   +0.000   +0.000   +0.000   +0.000   +0.000   +0.000   +0.000   +0.000   +0.000   +0.000   +0.000   +0.000   +0.000   +0.000   +0.000   +0.000   +0.000   +0.000   +0.000   +0.000   +0.000   +0.000
  +0.000   +0.000   +0.000   +0.000   +0.000   +0.000   +0.000   +0.000   +0.000   +0.000   +0.000   +0.000   +0.000   +0.000   +0.000   +0.000   +0.000   +0.000   +0.000   +0.000   +0.000   +0.000   +0.000   +0.000
  +0.000   +0.000   +0.000   +0.000   +0.000   +0.000   +0.000   +0.000   +0.000   +0.000   +0.000   +0.000   +0.000   +0.000   +0.000   +0.000   +0.000   +0.000   +0.000   +0.000   +0.000   +0.000   +0.000   +0.000
  +0.000   +0.000   +0.000   +0.000   +0.000   +0.000   +0.000   +0.000   +0.000   +0.000   +0.000   +0.000   +0.000   +0.000   +0.000   +0.000   +0.000   +0.000   +0.000   +0.000   +0.000   +0.000   +0.000   +0.000
  +0.000   +0.000   +0.000   +0.000   +0.000   +0.000   +0.000   +0.000   +0.000   +0.000   +0.000   +0.000   +0.000   +0.000   +0.000   +0.000   +0.000   +0.000   +0.000   +0.000   +0.000   +0.000   +0.000   +0.000
  +0.000   +0.000   +0.000   +0.000   +0.000   +0.000   +0.000   +0.000   +0.000   +0.000   +0.000   +0.000   +0.000   +0.000   +0.000   +0.000   +0.000   +0.000   +0.000   +0.000   +0.000   +0.000   +0.000   +0.000
  +0.000   +0.000   +0.000   +0.000   +0.000   +0.000   +0.000   +0.000   +0.000   +0.000   +0.000   +0.000   +0.000   +0.000   +0.000   +0.000   +0.000   +0.000   +0.000   +0.000   +0.000   +0.000   +0.000   +0.000
  +0.000   +0.000   +0.000   +0.000   +0.000   +0.000   +0.000   +0.000   +0.000   +0.000   +0.000   +0.000   +0.000   +0.000   +0.000   +0.000   +0.000   +0.000   +0.000   +0.000   +0.000   +0.000   +0.000   +0.000
  +0.000   +0.000   +0.000   +0.000   +0.000   +0.000   +0.000   +0.000   +0.000   +0.000   +0.000   +0.000   +0.000   +0.000   +0.000   +0.000   +0.000   +0.000   +0.000   +0.000   +0.000   +0.000   +0.000   +0.000
  +0.000   +0.000   +0.000   +0.000   +0.000   +0.000   +0.000   +0.000   +0.000   +0.000   +0.000   +0.000   +0.000   +0.000   +0.000   +0.000   +0.000   +0.000   +0.000   +0.000   +0.000   +0.000   +0.000   +0.000
  +0.000   +0.000   +0.000   +0.000   +0.000   +0.000   +0.000   +0.000   +0.000   +0.000   +0.000   +0.000   +0.000   +0.000   +0.000   +0.000   +0.000   +0.000   +0.000   +0.000   +0.000   +0.000   +0.000   +0.000
